Resultados:
Media: -7.056990
Media geometrica: 104853152.000000
Mediana: -6.012460
Varianza: 83.037750
Desviacion Estandar: 9.112505
Coeficiente de Variacion: -129.127365
Analisis 1: 0.000000
Analisis 2: 0.000000
Analisis 3: 0.000000
Analisis 4: 0.000000
Analisis 5: 0.000000
Analisis 6: 0.000000
Analisis 7: 0.000000
Analisis 8: 0.000000
Analisis 9: 14787362816.000000
Cuartiles:
	0.000000	0.000000	0.000000Deciles:
	14787379200.000000	0.000000	0.000000	0.000000	0.000000	0.000000	0.000000	0.000000	0.000000Percentiles:
	0.000000	0.000000	0.000000	0.000000	0.000000	0.000000	0.000000	0.000000	0.000000	0.000000	0.000000	0.000000	0.000000	0.000000	0.000000	0.000000	0.000000	0.000000	0.000000	0.000000	0.000000	0.000000	0.000000	0.000000	0.000000	0.000000	0.000000	0.000000	0.000000	0.000000	0.000000	0.000000	0.000000	0.000000	0.000000	0.000000	0.000000	0.000000	0.000000	0.000000	0.000000	0.000000	0.000000	0.000000	0.000000	0.000000	0.000000	0.000000	0.000000	0.000000	0.000000	0.000000	0.000000	0.000000	0.000000	0.000000	0.000000	0.000000	0.000000	0.000000	0.000000	0.000000	0.000000	0.000000	0.000000	0.000000	0.000000	0.000000	0.000000	0.000000	0.000000	0.000000	0.000000	0.000000	0.000000	0.000000	0.000000	0.000000	0.000000	0.000000	-38386970624.000000	0.000000	14787584000.000000	0.000000	14787379200.000000	0.000000	14787354624.000000	0.000000	14787395584.000000	0.000000	0.000000	0.000000	14787330048.000000	0.000000	0.000000	0.000000	14787354624.000000	0.000000	14787354624.000000